>AB000263
345	10,0.163169;
344	10,0.170028;
343	10,0.190699;
342	10,0.20407;
341	10,0.201406;
340	10,0.213221;
339	10,0.244328;
338	10,0.258671;
337	10,0.32024;
336	10,0.358434;
335	10,0.344368;20,0.392495;
334	10,0.44292;20,0.49341;
333	10,0.500631;20,0.560658;
332	10,0.527156;20,0.592852;
331	10,0.532057;20,0.595653;
330	10,0.568571;20,0.634087;
329	10,0.580389;20,0.650517;
328	10,0.580785;20,0.661056;
327	10,0.5772;20,0.667015;
326	10,0.528832;20,0.701607;
325	10,0.545317;20,0.690899;
324	10,0.540745;20,0.691229;
323	10,0.548394;20,0.718007;
322	10,0.560263;20,0.733576;
321	10,0.549068;20,0.736355;
320	10,0.508718;20,0.737317;
319	10,0.522363;20,0.747595;
318	10,0.511636;20,0.74256;
317	10,0.502283;20,0.733479;
316	10,0.413494;20,0.668976;
315	10,0.313681;20,0.664337;
314	10,0.319979;20,0.670765;
313	10,0.311135;20,0.65591;
312	10,0.284002;20,0.656192;
311	10,0.236541;20,0.638948;
310	10,0.22298;20,0.597238;
309	10,0.197208;20,0.593328;
308	10,0.18854;20,0.577248;
307	10,0.173356;20,0.567415;
306	10,0.168949;20,0.480148;
305	10,0.153436;20,0.374321;
304	10,0.197523;20,0.439758;
303	10,0.68586;20,0.921563;
302	10,1.07548;20,1.28163;
301	10,1.17393;20,1.33793;
300	10,1.27084;20,1.42342;
299	10,1.29507;20,1.43077;
298	10,1.38431;20,1.50908;
297	10,1.45215;20,1.57387;
296	10,1.48235;20,1.60369;
295	10,1.63129;20,1.74449;
294	10,1.7362;20,1.81266;
293	10,1.76255;20,1.82935;
292	10,1.83008;20,1.91764;
291	10,1.8799;20,1.98977;
290	10,1.84773;20,2.01121;
289	10,1.82274;20,2.11483;
288	10,1.64669;20,2.25578;
287	10,1.65428;20,2.26658;
286	10,1.58287;20,2.27869;
285	10,1.62424;20,2.40159;
284	10,1.83932;20,2.5957;
283	10,1.90049;20,2.69491;
282	10,1.89591;20,2.73193;
281	10,1.88935;20,2.73951;
280	10,1.88707;20,2.81208;
279	10,1.91925;20,2.71496;
278	10,1.88037;20,2.1766;
277	10,1.87892;20,2.18041;
276	10,1.88987;20,2.17442;
275	10,1.81524;20,2.11817;
274	10,1.91191;20,2.66523;
273	10,2.23173;20,2.94734;
272	10,2.221;20,2.98175;
271	10,2.18395;20,2.96523;
270	10,2.10857;20,3.08808;
269	10,2.14112;20,3.17611;
268	10,2.04808;20,3.14696;
267	10,2.06559;20,3.19122;
266	10,2.04548;20,3.26557;
265	10,2.10124;20,3.26725;
264	10,2.17337;20,3.13944;
263	10,2.11908;20,3.13174;
262	10,2.15498;20,3.11785;
261	10,2.03971;20,3.10562;
260	10,1.97643;20,3.17006;
259	10,1.5213;20,3.13864;
258	10,1.16407;20,3.01272;
257	10,1.18405;20,3.09407;
256	10,1.56143;20,3.40872;
255	10,1.79561;20,3.6482;
254	10,1.81074;20,3.70825;
253	10,2.23798;20,4.05129;
252	10,2.41924;20,3.87589;
251	10,2.53445;20,3.80812;
250	10,2.57433;20,3.8061;
249	10,2.59879;20,3.36138;
248	10,2.62241;20,3.08565;
247	10,2.69687;20,3.09263;
246	10,2.68102;20,3.08939;
245	10,2.54101;20,3.09274;
244	10,1.89141;20,3.04914;
243	10,1.82303;20,2.95814;
242	10,1.74024;20,2.98673;
241	10,1.67884;20,3.07895;
240	10,1.7173;20,3.07981;
239	10,0.969577;20,3.0458;
238	10,0.985195;20,3.04106;
237	10,0.777548;20,3.07384;
236	10,0.78569;20,3.07049;
235	10,0.786791;20,2.94062;
234	10,0.76614;20,2.60351;
233	10,0.793325;20,2.57152;
232	10,0.914336;20,2.55076;
231	10,0.913398;20,2.42651;
230	10,1.39922;20,2.35109;
229	10,1.50751;20,2.60999;
228	10,1.95295;20,2.78248;
227	10,2.27602;20,3.1116;
226	10,2.32089;20,3.24896;
225	10,2.26324;20,3.21262;
224	10,2.33058;20,3.21817;
223	10,2.69369;20,3.37673;
222	10,2.70556;20,3.43913;
221	10,2.73901;20,3.43559;
220	10,2.82801;20,3.43345;
219	10,2.93353;20,3.58292;
218	10,3.40254;20,4.09737;
217	10,3.41806;20,4.29889;
216	10,2.76817;20,4.22518;
215	10,2.77266;20,4.15613;
214	10,2.773;20,4.07144;
213	10,2.76675;20,4.03713;
212	10,3.26805;20,4.7222;
211	10,3.30116;20,4.83788;
210	10,3.1512;20,4.91608;
209	10,3.0904;20,5.65325;
208	10,4.25455;20,6.8371;
207	10,5.27543;20,7.66217;
206	10,5.45995;20,7.27471;
205	10,5.38297;20,7.43643;
204	10,6.2454;20,8.35329;
203	10,6.31788;20,8.57804;
202	10,6.31783;20,8.52557;
201	10,6.08046;20,8.55587;
200	10,5.57637;20,8.43421;
199	10,5.67295;20,7.72501;
198	10,5.53695;20,7.83548;
197	10,4.89297;20,7.99852;
196	10,5.6253;20,8.31796;
195	10,4.95387;20,8.37895;
194	10,4.45375;20,8.35623;
193	10,3.59388;20,8.2956;
192	10,3.5642;20,8.1945;
191	10,4.01777;20,8.15329;
190	10,4.07722;20,7.71469;
189	10,3.20355;20,7.6654;
188	10,3.21179;20,7.46795;
187	10,3.2089;20,6.7627;
186	10,3.12527;20,6.30687;
185	10,2.5071;20,6.68573;
184	10,2.70366;20,6.14536;
183	10,1.82436;20,5.13296;
182	10,2.10917;20,5.45577;
181	10,2.1973;20,5.34509;
180	10,2.6317;20,5.10127;
179	10,2.6726;20,4.42163;
178	10,2.60666;20,4.43081;
177	10,3.29594;20,4.44935;
176	10,3.00021;20,4.4395;
175	10,3.33439;20,4.39603;
174	10,3.19273;20,4.41275;
173	10,3.05284;20,3.77483;
172	10,2.94173;20,3.77891;
171	10,2.74378;20,3.78343;
170	10,3.58735;20,4.72399;
169	10,3.77135;20,4.74721;
168	10,2.96337;20,4.72403;
167	10,2.90658;20,4.73333;
166	10,2.90745;20,4.87746;
165	10,2.86772;20,4.90446;
164	10,3.0345;20,4.90233;
163	10,2.72626;20,4.89517;
162	10,3.13459;20,4.88805;
161	10,3.40947;20,4.87258;
160	10,3.50105;20,4.87095;
159	10,3.93327;20,4.93446;
158	10,2.75731;20,4.98521;
157	10,2.89483;20,5.1128;
156	10,3.08442;20,5.28855;
155	10,2.75243;20,5.33907;
154	10,2.17242;20,5.32966;
153	10,3.3608;20,6.01711;
152	10,3.81118;20,6.48162;
151	10,4.22349;20,6.95255;
150	10,4.35373;20,6.97503;
149	10,4.24093;20,6.70816;
148	10,3.99333;20,5.89504;
147	10,4.07567;20,5.95459;
146	10,4.06633;20,5.81866;
145	10,3.76409;20,5.22928;
144	10,2.97104;20,5.2919;
143	10,2.26576;20,5.3022;
142	10,2.26534;20,5.3188;
141	10,2.2647;20,5.19556;
140	10,2.2998;20,5.21509;
139	10,2.24199;20,5.10114;
138	10,2.0441;20,5.01347;
137	10,1.88563;20,4.89504;
136	10,1.59753;20,4.82707;
135	10,1.61026;20,4.48843;
134	10,1.67069;20,3.47705;
133	10,1.64795;20,2.59349;
132	10,1.69736;20,2.49313;
131	10,1.61453;20,2.47414;
130	10,1.50056;20,2.42623;
129	10,1.52633;20,2.3382;
128	10,1.34523;20,2.15728;
127	10,0.903139;20,2.10612;
126	10,0.895296;20,1.8647;
125	10,0.779433;20,1.8703;
124	10,0.340771;20,1.84649;
123	10,0.626737;20,2.10532;
122	10,0.951001;20,2.41253;
121	10,1.04008;20,2.48227;
120	10,1.04283;20,2.44896;
119	10,1.12515;20,2.48794;
118	10,1.47817;20,2.72946;
117	10,1.43676;20,2.31552;
116	10,2.28487;20,3.16359;
115	10,2.53697;20,3.29458;
114	10,2.5383;20,2.83354;
113	10,3.21573;20,3.5088;
112	10,3.91129;20,4.21283;
111	10,4.17908;20,4.53997;
110	10,4.13913;20,4.56956;
109	10,4.24213;20,4.70642;
108	10,4.06862;20,4.63205;
107	10,3.86562;20,4.5129;
106	10,3.69683;20,4.51623;
105	10,2.73347;20,4.51647;
104	10,2.29606;20,4.68387;
103	10,2.58234;20,4.84267;
102	10,2.61862;20,4.94228;
101	10,2.25718;20,4.89997;
100	10,2.31628;20,4.91133;
99	10,2.43414;20,5.05704;
98	10,1.84212;20,5.08598;
97	10,1.79735;20,5.00383;
96	10,1.83122;20,4.88307;
95	10,1.79774;20,4.40931;
94	10,1.87821;20,3.97019;
93	10,1.8685;20,3.97134;
92	10,1.79969;20,4.06706;
91	10,2.106;20,3.55246;
90	10,2.33284;20,3.62237;
89	10,2.5961;20,3.65474;
88	10,2.57908;20,3.4389;
87	10,2.73079;20,3.59579;
86	10,2.70475;20,3.65841;
85	10,2.72965;20,3.71609;
84	10,2.67116;20,3.91657;
83	10,2.78654;20,4.17537;
82	10,3.08921;20,3.92863;
81	10,3.54226;20,4.42433;
80	10,3.93936;20,5.21514;
79	10,3.47159;20,5.35497;
78	10,2.63395;20,5.60044;
77	10,3.40516;20,5.97852;
76	10,3.66667;20,5.89737;
75	10,3.78159;20,5.99505;
74	10,3.76675;20,5.95059;
73	10,4.00182;20,6.03666;
72	10,4.0728;20,6.25249;
71	10,4.07294;20,6.28758;
70	10,3.94567;20,6.2212;
69	10,3.08751;20,5.62448;
68	10,3.05964;20,4.23835;
67	10,3.73471;20,4.35377;
66	10,3.08264;20,4.29446;
65	10,3.05781;20,4.31074;
64	10,3.09323;20,4.31324;
63	10,2.73997;20,4.31286;
62	10,1.78413;20,4.31257;
61	10,1.242;20,4.31367;
60	10,1.20416;20,4.30544;
59	10,1.19793;20,4.23223;
58	10,1.18501;20,4.18504;
57	10,1.58039;20,4.17721;
56	10,1.86113;20,3.78955;
55	10,1.5362;20,3.56602;
54	10,0.518243;20,3.55522;
53	10,0.521405;20,3.54462;
52	10,1.61896;20,3.9793;
51	10,1.98805;20,3.83245;
50	10,2.82994;20,3.85711;
49	10,3.06501;20,4.12707;
48	10,3.22194;20,4.5487;
47	10,3.28468;20,4.61129;
46	10,3.30081;20,4.54424;
45	10,3.26058;20,4.55288;
44	10,3.34477;20,4.2143;
43	10,3.83943;20,4.70273;
42	10,4.11805;20,5.0512;
41	10,4.27049;20,5.44941;
40	10,4.07752;20,5.73332;
39	10,3.69566;20,5.85865;
38	10,3.64068;20,6.18541;
37	10,4.04516;20,6.35832;
36	10,4.23787;20,6.47816;
35	10,4.24269;20,6.51055;
34	10,5.01005;20,6.55884;
33	10,5.18425;20,6.57312;
32	10,4.95731;20,6.5434;
31	10,4.95425;20,6.51725;
30	10,4.70369;20,6.34508;
29	10,4.145;20,5.86462;
28	10,4.28654;20,5.96191;
27	10,4.01622;20,5.70893;
26	10,3.84138;20,5.83731;
25	10,3.63764;20,5.81287;
24	10,3.04949;20,5.71187;
23	10,2.94713;20,5.60655;
22	10,2.79609;20,5.37401;
21	10,2.20866;20,5.30866;
20	10,1.28004;20,4.97529;
19	10,0.484734;20,4.51492;
18	10,0.478429;20,4.40654;
17	10,0.455712;20,4.0671;
16	10,0.288968;20,3.8626;
15	10,0.269961;20,3.65202;
14	10,0.217584;20,3.05277;
13	10,-1.50538e-15;20,2.94713;
12	10,-1.50538e-15;20,2.79609;
11	10,-1.50538e-15;20,2.20866;
10	10,-1.50538e-15;20,1.28004;
9	10,-1.50538e-15;20,0.484734;
8	10,-1.50538e-15;20,0.478429;
7	10,0.00729629;20,0.46208;
6	10,0.00900571;20,0.296745;
5	10,0.00905855;20,0.277968;
4	10,0.0110866;20,0.228252;
3	10,0.0110912;20,0.0110912;
2	10,0.0111041;20,0.0111041;
1	10,0.0113207;20,0.0113207;
0	10,0.0113304;20,0.0113304;

>AB000264
344	10,0.162276;
343	10,0.169147;
342	10,0.189965;
341	10,0.203442;
340	10,0.200717;
339	10,0.212666;
338	10,0.243966;
337	10,0.258198;
336	10,0.319719;
335	10,0.357556;
334	10,0.343664;20,0.391634;
333	10,0.442989;20,0.493342;
332	10,0.499414;20,0.559207;
331	10,0.525466;20,0.590843;
330	10,0.530328;20,0.593505;
329	10,0.567094;20,0.632198;
328	10,0.578841;20,0.648575;
327	10,0.577233;20,0.656995;
326	10,0.571874;20,0.66112;
325	10,0.523439;20,0.695533;
324	10,0.539995;20,0.685026;
323	10,0.53545;20,0.685299;
322	10,0.543206;20,0.712205;
321	10,0.555103;20,0.727468;
320	10,0.544003;20,0.730092;
319	10,0.503481;20,0.731003;
318	10,0.516003;20,0.740274;
317	10,0.504642;20,0.734607;
316	10,0.495103;20,0.725373;
315	10,0.406464;20,0.661038;
314	10,0.306621;20,0.656443;
313	10,0.311675;20,0.661819;
312	10,0.304469;20,0.648688;
311	10,0.278051;20,0.649632;
310	10,0.230515;20,0.632358;
309	10,0.216779;20,0.590409;
308	10,0.190961;20,0.586292;
307	10,0.182715;20,0.570088;
306	10,0.17189;20,0.562099;
305	10,0.16725;20,0.47474;
304	10,0.1517;20,0.368676;
303	10,0.182151;20,0.421937;
302	10,0.512779;20,0.743238;
301	10,1.05325;20,1.2562;
300	10,1.20035;20,1.36209;
299	10,1.33455;20,1.486;
298	10,1.36693;20,1.5017;
297	10,1.47609;20,1.60072;
296	10,1.56408;20,1.6862;
295	10,1.5994;20,1.72123;
294	10,1.7418;20,1.85512;
293	10,1.84267;20,1.91905;
292	10,1.86839;20,1.93561;
291	10,1.95139;20,2.03899;
290	10,2.01719;20,2.12606;
289	10,1.98519;20,2.15092;
288	10,1.94831;20,2.25508;
287	10,1.77319;20,2.38649;
286	10,1.77903;20,2.3973;
285	10,1.70214;20,2.40732;
284	10,1.7328;20,2.51683;
283	10,1.941;20,2.71558;
282	10,2.00526;20,2.82109;
281	10,1.99821;20,2.86428;
280	10,1.98289;20,2.87074;
279	10,1.9445;20,2.94301;
278	10,1.98685;20,2.83973;
277	10,1.94273;20,2.2913;
276	10,1.94725;20,2.29662;
275	10,1.96136;20,2.29047;
274	10,1.8879;20,2.22671;
273	10,1.95596;20,2.78823;
272	10,2.27136;20,3.05751;
271	10,2.2664;20,3.10922;
270	10,2.21875;20,3.08879;
269	10,2.09413;20,3.17183;
268	10,2.12495;20,3.27862;
267	10,2.01271;20,3.24797;
266	10,2.02529;20,3.30436;
265	10,1.99805;20,3.39761;
264	10,2.06958;20,3.39152;
263	10,2.14673;20,3.25245;
262	10,2.10557;20,3.24171;
261	10,2.20732;20,3.21164;
260	10,2.11346;20,3.19503;
259	10,2.04667;20,3.24716;
258	10,1.61549;20,3.21863;
257	10,1.2835;20,3.09206;
256	10,1.28557;20,3.16142;
255	10,1.50214;20,3.34857;
254	10,1.73251;20,3.59453;
253	10,1.7682;20,3.68676;
252	10,2.37591;20,4.19542;
251	10,2.60311;20,4.03009;
250	10,2.72458;20,3.98224;
249	10,2.76353;20,3.99848;
248	10,2.79287;20,3.61965;
247	10,2.84882;20,3.46817;
246	10,2.95782;20,3.47547;
245	10,2.96504;20,3.484;
244	10,2.85111;20,3.49308;
243	10,2.10221;20,3.42896;
242	10,2.04147;20,3.28607;
241	10,1.93636;20,3.34488;
240	10,1.88574;20,3.49937;
239	10,1.93731;20,3.51621;
238	10,1.12836;20,3.49757;
237	10,1.15098;20,3.53176;
236	10,0.936769;20,3.59817;
235	10,0.951965;20,3.63062;
234	10,0.954178;20,3.55266;
233	10,0.919541;20,3.39307;
232	10,0.955368;20,3.48224;
231	10,1.08474;20,3.46954;
230	10,1.07924;20,3.31228;
229	10,1.30163;20,2.78505;
228	10,1.37409;20,3.353;
227	10,2.11259;20,3.44155;
226	10,2.27685;20,3.48176;
225	10,2.27004;20,3.47912;
224	10,2.1534;20,3.22306;
223	10,2.21528;20,3.16181;
222	10,2.72716;20,3.39162;
221	10,2.73766;20,3.46412;
220	10,2.79385;20,3.46783;
219	10,2.9333;20,3.58103;
218	10,3.01295;20,3.6659;
217	10,3.11487;20,3.82816;
216	10,2.96153;20,3.84096;
215	10,2.27975;20,3.72977;
214	10,2.27849;20,3.65511;
213	10,2.27529;20,3.56669;
212	10,2.25897;20,3.52876;
211	10,2.76163;20,4.2149;
210	10,2.79423;20,4.33013;
209	10,2.64459;20,4.40798;
208	10,2.59952;20,5.16186;
207	10,3.80347;20,6.38673;
206	10,5.08286;20,7.46461;
205	10,5.55167;20,7.3371;
204	10,5.76984;20,7.83846;
203	10,5.91029;20,8.0643;
202	10,5.7604;20,8.05687;
201	10,5.76249;20,7.97944;
200	10,5.49195;20,7.98997;
199	10,5.61161;20,7.87986;
198	10,5.72351;20,7.16792;
197	10,5.75375;20,7.28109;
196	10,5.51562;20,7.3768;
195	10,6.11463;20,7.69068;
194	10,5.80751;20,7.60389;
193	10,5.42049;20,7.57205;
192	10,4.99381;20,7.5166;
191	10,4.95774;20,7.4138;
190	10,4.94727;20,7.35742;
189	10,5.00628;20,7.29358;
188	10,4.83316;20,7.24635;
187	10,4.80786;20,7.18018;
186	10,4.8477;20,6.92408;
185	10,4.8723;20,6.81895;
184	10,4.14716;20,6.79646;
183	10,3.83358;20,6.37009;
182	10,2.06842;20,5.96092;
181	10,2.33239;20,6.16662;
180	10,2.52738;20,6.30344;
179	10,2.03706;20,6.41561;
178	10,2.62528;20,6.62841;
177	10,2.89956;20,6.74491;
176	10,2.99162;20,6.72386;
175	10,3.09026;20,6.67477;
174	10,2.93559;20,5.99998;
173	10,2.6539;20,5.53249;
172	10,2.36168;20,3.82043;
171	10,2.18351;20,3.8191;
170	10,2.11456;20,3.76708;
169	10,2.06096;20,3.58909;
168	10,1.98993;20,3.44557;
167	10,1.62856;20,3.34925;
166	10,1.62428;20,3.33652;
165	10,1.61378;20,3.22158;
164	10,1.56988;20,3.05423;
163	10,2.60268;20,3.18746;
162	10,2.72034;20,3.23727;
161	10,2.78017;20,3.21677;
160	10,2.9594;20,3.32761;
159	10,2.58809;20,3.41778;
158	10,2.60224;20,3.49626;
157	10,2.50603;20,3.70111;
156	10,2.29218;20,3.75976;
155	10,2.2859;20,3.73758;
154	10,3.81887;20,4.9155;
153	10,4.30662;20,5.64582;
152	10,4.60536;20,6.09965;
151	10,5.0349;20,6.27952;
150	10,4.97473;20,6.33877;
149	10,4.4821;20,6.20326;
148	10,4.55989;20,6.26427;
147	10,4.61542;20,6.12272;
146	10,4.99368;20,6.12454;
145	10,4.97064;20,6.27996;
144	10,4.92545;20,6.43855;
143	10,5.03203;20,6.51083;
142	10,5.02898;20,6.40535;
141	10,5.0177;20,6.44677;
140	10,4.92433;20,6.45485;
139	10,4.66954;20,6.27006;
138	10,4.50002;20,6.21415;
137	10,4.27565;20,6.1926;
136	10,4.27987;20,6.10752;
135	10,4.29509;20,5.83632;
134	10,4.26984;20,5.43277;
133	10,4.25304;20,5.3558;
132	10,4.01183;20,5.31554;
131	10,3.67861;20,5.22083;
130	10,2.78225;20,5.05473;
129	10,1.60975;20,4.78452;
128	10,0.806166;20,4.69199;
127	10,0.803601;20,4.54057;
126	10,0.637513;20,4.52096;
125	10,0.0417984;20,4.45233;
124	10,0.0422673;20,4.42899;
123	10,0.597069;20,4.90322;
122	10,0.802245;20,4.91695;
121	10,0.820897;20,4.62012;
120	10,0.930525;20,3.71037;
119	10,0.945688;20,2.55291;
118	10,0.98602;20,1.78781;
117	10,1.34396;20,2.13662;
116	10,1.47694;20,2.10895;
115	10,1.47889;20,1.51365;
114	10,2.14105;20,2.17727;
113	10,2.74849;20,2.7909;
112	10,2.99492;20,3.0539;
111	10,3.01186;20,3.0779;
110	10,3.12467;20,3.19433;
109	10,3.08872;20,3.21365;
108	10,3.01517;20,3.21918;
107	10,2.88961;20,3.22398;
106	10,2.17738;20,3.22301;
105	10,1.77533;20,3.3801;
104	10,2.0099;20,3.52193;
103	10,2.08479;20,3.64867;
102	10,1.6393;20,3.65974;
101	10,1.69185;20,3.7537;
100	10,1.74047;20,3.95574;
99	10,1.41293;20,4.02604;
98	10,1.37675;20,3.98239;
97	10,1.40955;20,3.84211;
96	10,1.3951;20,3.42829;
95	10,1.42811;20,3.0975;
94	10,1.41673;20,3.0937;
93	10,1.27186;20,3.0855;
92	10,1.56083;20,2.58353;
91	10,1.90363;20,2.63418;
90	10,1.88161;20,2.63786;
89	10,1.90604;20,2.57522;
88	10,2.09201;20,2.74774;
87	10,2.09176;20,2.8223;
86	10,2.11568;20,2.88257;
85	10,2.18764;20,3.15656;
84	10,2.41926;20,3.70901;
83	10,2.51018;20,3.31614;
82	10,3.43542;20,4.39766;
81	10,3.64311;20,4.69228;
80	10,3.40811;20,4.90671;
79	10,3.84958;20,5.4438;
78	10,4.22058;20,5.9446;
77	10,4.5399;20,6.17269;
76	10,5.37858;20,7.03048;
75	10,5.53293;20,7.33089;
74	10,5.88457;20,7.44018;
73	10,6.04304;20,7.51419;
72	10,5.99353;20,7.54619;
71	10,5.87024;20,7.72789;
70	10,4.90377;20,7.59437;
69	10,4.77462;20,7.37263;
68	10,4.0241;20,7.49485;
67	10,3.24768;20,7.52503;
66	10,2.63094;20,7.56704;
65	10,2.93172;20,7.59099;
64	10,3.00422;20,7.71193;
63	10,2.83916;20,7.70286;
62	10,2.7102;20,7.79258;
61	10,2.7747;20,7.40802;
60	10,2.78301;20,6.40126;
59	10,2.84792;20,5.96997;
58	10,3.21718;20,4.67354;
57	10,2.70268;20,4.91591;
56	10,2.64293;20,4.37878;
55	10,2.60492;20,4.88512;
54	10,2.27887;20,5.00272;
53	10,2.65618;20,4.99844;
52	10,2.74103;20,4.99388;
51	10,2.77681;20,6.00541;
50	10,2.93289;20,5.80958;
49	10,2.94833;20,4.02884;
48	10,3.66118;20,3.89341;
47	10,4.52283;20,5.80418;
46	10,4.88685;20,7.08414;
45	10,5.76302;20,7.70555;
44	10,5.89394;20,7.8798;
43	10,5.61312;20,8.07734;
42	10,5.1025;20,8.34299;
41	10,4.48207;20,8.39268;
40	10,4.79718;20,8.49387;
39	10,4.65174;20,7.78196;
38	10,5.51663;20,7.64212;
37	10,5.67483;20,7.74314;
36	10,5.6284;20,8.14757;
35	10,5.67011;20,8.28571;
34	10,4.83224;20,8.21471;
33	10,5.23262;20,8.29743;
32	10,5.31597;20,8.19465;
31	10,5.33962;20,8.15241;
30	10,5.21253;20,8.17905;
29	10,5.25165;20,8.16449;
28	10,5.1052;20,8.16191;
27	10,4.74505;20,8.04502;
26	10,4.68636;20,7.64259;
25	10,4.29946;20,7.20513;
24	10,3.31909;20,6.58748;
23	10,3.7268;20,6.79067;
22	10,3.57007;20,5.81542;
21	10,3.97173;20,6.91228;
20	10,3.937;20,6.96217;
19	10,3.56936;20,6.89717;
18	10,3.39013;20,6.61812;
17	10,3.20433;20,6.1846;
16	10,2.39655;20,6.09904;
15	10,1.37727;20,5.64449;
14	10,1.32263;20,4.66651;
13	10,1.30897;20,4.61621;
12	10,1.32661;20,4.41855;
11	10,0.967332;20,4.28293;
10	10,0.286677;20,4.143;
9	10,0.274217;20,3.74832;
8	10,0.471201;20,3.57303;
7	10,0.470211;20,3.37093;
6	10,0.967356;20,2.5465;
5	10,0.983959;20,1.52058;
4	10,0.98158;20,1.4624;
3	10,0.981754;20,1.44925;
2	10,0.974927;20,1.40395;
1	10,0.950773;20,1.06927;
0	10,0.949293;20,1.05577;

>AB000265
342	10,0.162538;
341	10,0.169594;
340	10,0.19033;
339	10,0.203664;
338	10,0.200898;
337	10,0.21284;
336	10,0.243748;
335	10,0.25777;
334	10,0.318978;
333	10,0.356773;
332	10,0.342826;20,0.390897;
331	10,0.441391;20,0.491883;
330	10,0.496317;20,0.556182;
329	10,0.522735;20,0.588159;
328	10,0.527738;20,0.590945;
327	10,0.563993;20,0.629116;
326	10,0.575787;20,0.645526;
325	10,0.578136;20,0.658085;
324	10,0.574377;20,0.663791;
323	10,0.526955;20,0.699266;
322	10,0.543453;20,0.688762;
321	10,0.538904;20,0.689104;
320	10,0.546574;20,0.715911;
319	10,0.559806;20,0.732877;
318	10,0.549122;20,0.735891;
317	10,0.509231;20,0.737369;
316	10,0.509726;20,0.734228;
315	10,0.501748;20,0.732186;
314	10,0.492611;20,0.723525;
313	10,0.403589;20,0.659306;
312	10,0.303265;20,0.655196;
311	10,0.314902;20,0.667062;
310	10,0.307595;20,0.653791;
309	10,0.280324;20,0.653849;
308	10,0.232574;20,0.636689;
307	10,0.219059;20,0.595043;
306	10,0.193118;20,0.591217;
305	10,0.184507;20,0.575366;
304	10,0.181294;20,0.565857;
303	10,0.176831;20,0.47852;
302	10,0.16021;20,0.371964;
301	10,0.195337;20,0.436568;
300	10,0.419228;20,0.650804;
299	10,0.982523;20,1.1903;
298	10,1.12621;20,1.29445;
297	10,1.25109;20,1.40853;
296	10,1.27796;20,1.41872;
295	10,1.38487;20,1.51406;
294	10,1.46492;20,1.59134;
293	10,1.49117;20,1.61731;
292	10,1.63871;20,1.75511;
291	10,1.74327;20,1.82248;
290	10,1.77198;20,1.84136;
289	10,1.86626;20,1.95414;
288	10,1.9292;20,2.0396;
287	10,1.89679;20,2.06215;
286	10,1.87939;20,2.18516;
285	10,1.73929;20,2.34636;
284	10,1.74604;20,2.36021;
283	10,1.62424;20,2.37065;
282	10,1.84344;20,2.50502;
281	10,1.94592;20,2.64933;
280	10,1.99863;20,2.75243;
279	10,1.99296;20,2.79121;
278	10,1.98962;20,2.80366;
277	10,1.8612;20,2.80595;
276	10,1.86656;20,2.69284;
275	10,1.8012;20,2.20731;
274	10,1.80935;20,2.21275;
273	10,1.82207;20,2.19919;
272	10,1.74201;20,2.14369;
271	10,1.61304;20,2.62554;
270	10,2.06535;20,2.92219;
269	10,2.0866;20,3.01433;
268	10,2.10027;20,3.00984;
267	10,2.20716;20,2.91561;
266	10,2.25683;20,3.00843;
265	10,2.12266;20,2.92585;
264	10,2.10264;20,2.93167;
263	10,2.04135;20,2.97887;
262	10,2.19723;20,2.96937;
261	10,2.24465;20,2.72293;
260	10,2.19493;20,2.69994;
259	10,1.89282;20,2.57583;
258	10,1.79994;20,2.56056;
257	10,1.72763;20,2.51628;
256	10,1.28325;20,2.50615;
255	10,1.02341;20,2.45224;
254	10,1.10839;20,2.51717;
253	10,1.2563;20,2.6013;
252	10,1.25312;20,2.6117;
251	10,1.18433;20,2.64395;
250	10,1.03575;20,2.63329;
249	10,1.10718;20,2.40425;
248	10,1.15498;20,2.43567;
247	10,1.18833;20,2.4873;
246	10,1.24497;20,2.33793;
245	10,1.26088;20,1.98408;
244	10,1.42325;20,2.11529;
243	10,1.19856;20,2.05985;
242	10,1.32041;20,2.06719;
241	10,1.43917;20,2.09414;
240	10,1.72152;20,2.26917;
239	10,1.88617;20,2.36847;
238	10,1.82832;20,2.39366;
237	10,1.84242;20,2.40983;
236	10,2.1738;20,2.60396;
235	10,2.2206;20,2.68255;
234	10,2.26007;20,2.75483;
233	10,2.42243;20,2.84378;
232	10,2.57989;20,2.90056;
231	10,2.65587;20,2.93452;
230	10,2.61384;20,2.95563;
229	10,2.24397;20,2.99852;
228	10,2.24361;20,2.9955;
227	10,2.2413;20,2.98875;
226	10,2.30787;20,3.01653;
225	10,2.64868;20,3.73958;
224	10,2.71759;20,3.85745;
223	10,2.66562;20,3.94463;
222	10,2.76267;20,4.70971;
221	10,3.82528;20,5.86169;
220	10,4.70072;20,6.63603;
219	10,4.79278;20,6.52761;
218	10,4.7513;20,6.70844;
217	10,5.51758;20,7.57578;
216	10,5.49924;20,7.75332;
215	10,5.6968;20,7.65342;
214	10,5.56668;20,7.74595;
213	10,5.48713;20,7.69332;
212	10,5.59318;20,7.1577;
211	10,5.59522;20,7.1929;
210	10,5.27644;20,7.25645;
209	10,5.46103;20,7.54173;
208	10,4.52816;20,7.56859;
207	10,4.42395;20,7.50439;
206	10,4.1795;20,7.32947;
205	10,4.05231;20,7.29493;
204	10,4.09571;20,7.20869;
203	10,4.16096;20,6.90336;
202	10,3.75505;20,6.87978;
201	10,3.77293;20,6.73654;
200	10,3.79366;20,6.19201;
199	10,3.88148;20,5.76154;
198	10,3.29644;20,6.17828;
197	10,3.25929;20,6.01595;
196	10,1.80031;20,5.46908;
195	10,2.08641;20,5.50276;
194	10,2.62284;20,5.60237;
193	10,2.41497;20,5.66998;
192	10,2.41158;20,5.27515;
191	10,2.44375;20,5.50857;
190	10,2.90754;20,5.73647;
189	10,2.49883;20,5.75147;
188	10,2.87872;20,5.55779;
187	10,2.70982;20,5.33452;
186	10,2.65932;20,3.41707;
185	10,2.5416;20,3.42277;
184	10,2.37794;20,3.42088;
183	10,3.27243;20,5.00752;
182	10,3.56437;20,4.94556;
181	10,2.98049;20,4.95036;
180	10,2.97596;20,5.02467;
179	10,3.02329;20,5.02283;
178	10,3.04325;20,5.18502;
177	10,3.11172;20,5.13392;
176	10,3.13321;20,4.9387;
175	10,3.49903;20,4.80136;
174	10,3.57603;20,4.61919;
173	10,3.23072;20,4.5508;
172	10,3.23611;20,4.6298;
171	10,2.86338;20,4.55354;
170	10,2.87325;20,4.34183;
169	10,2.11904;20,4.26584;
168	10,1.93202;20,4.12367;
167	10,2.23981;20,4.1375;
166	10,2.24393;20,4.14135;
165	10,2.03141;20,4.15129;
164	10,1.76126;20,4.20158;
163	10,2.28482;20,4.32321;
162	10,2.34749;20,4.24208;
161	10,2.43018;20,4.13055;
160	10,2.75646;20,4.31322;
159	10,2.68399;20,4.3061;
158	10,2.69796;20,3.92258;
157	10,2.69271;20,3.97325;
156	10,2.40178;20,4.10577;
155	10,2.40543;20,4.07417;
154	10,3.29118;20,4.06749;
153	10,3.68071;20,4.36644;
152	10,3.98686;20,4.79365;
151	10,4.07769;20,4.8202;
150	10,4.04205;20,4.81553;
149	10,3.77334;20,4.75473;
148	10,3.7956;20,4.8018;
147	10,3.7968;20,4.76401;
146	10,3.69094;20,4.71217;
145	10,3.4909;20,4.95093;
144	10,3.46946;20,5.09264;
143	10,3.57129;20,5.14774;
142	10,3.55245;20,5.03;
141	10,3.54317;20,5.04628;
140	10,3.5452;20,5.0805;
139	10,3.35708;20,4.87747;
138	10,3.18326;20,4.82394;
137	10,2.86451;20,4.78696;
136	10,2.8782;20,4.68849;
135	10,2.93069;20,4.28844;
134	10,2.91074;20,4.04277;
133	10,2.92113;20,3.96485;
132	10,2.68816;20,3.88353;
131	10,2.4697;20,3.78292;
130	10,2.28751;20,3.68758;
129	10,1.5749;20,3.49523;
128	10,0.811098;20,3.42578;
127	10,0.807797;20,3.16342;
126	10,0.653986;20,3.16074;
125	10,0.0675512;20,3.13685;
124	10,0.0703157;20,3.12447;
123	10,0.395672;20,3.39692;
122	10,0.514434;20,3.38069;
121	10,0.52713;20,3.29404;
120	10,0.687603;20,3.07699;
119	10,0.693345;20,2.26942;
118	10,0.745875;20,1.52604;
117	10,1.40157;20,2.18837;
116	10,1.56976;20,2.20716;
115	10,1.57099;20,1.61473;
114	10,1.99619;20,2.04233;
113	10,2.28803;20,2.33943;
112	10,2.38617;20,2.45183;
111	10,2.38553;20,2.46239;
110	10,2.48464;20,2.57116;
109	10,2.47729;20,2.57296;
108	10,2.44753;20,2.56789;
107	10,2.37524;20,2.56965;
106	10,2.02918;20,2.56807;
105	10,1.8309;20,2.79259;
104	10,2.05921;20,2.96141;
103	10,2.12573;20,3.03112;
102	10,1.75592;20,3.03754;
101	10,1.80851;20,3.1306;
100	10,1.85075;20,3.23035;
99	10,1.57005;20,3.38715;
98	10,1.55094;20,3.5743;
97	10,1.59363;20,3.61782;
96	10,1.57907;20,3.37293;
95	10,1.62061;20,3.17883;
94	10,1.60433;20,3.17223;
93	10,1.43321;20,3.24223;
92	10,1.71164;20,2.79033;
91	10,2.03106;20,2.84249;
90	10,2.03847;20,2.84994;
89	10,2.05559;20,2.7813;
88	10,2.22624;20,2.94707;
87	10,2.22493;20,3.01863;
86	10,2.24981;20,3.0842;
85	10,2.30906;20,3.34898;
84	10,2.51954;20,3.85258;
83	10,2.6048;20,3.48243;
82	10,3.48786;20,4.52501;
81	10,3.69622;20,4.82374;
80	10,3.44997;20,5.02217;
79	10,3.88205;20,5.57467;
78	10,4.31603;20,6.05517;
77	10,4.6186;20,6.24601;
76	10,5.41671;20,7.12118;
75	10,5.54946;20,7.40015;
74	10,5.90399;20,7.50049;
73	10,6.05323;20,7.53467;
72	10,6.00055;20,7.56794;
71	10,5.87257;20,7.7456;
70	10,4.89021;20,7.6172;
69	10,4.7701;20,7.40046;
68	10,4.02536;20,7.53513;
67	10,3.2332;20,7.5592;
66	10,2.63184;20,7.60069;
65	10,2.92016;20,7.62393;
64	10,2.98684;20,7.74348;
63	10,2.82758;20,7.72846;
62	10,2.70282;20,7.80557;
61	10,2.77095;20,7.41569;
60	10,2.78091;20,6.40312;
59	10,2.84252;20,5.97311;
58	10,3.22136;20,4.66874;
57	10,2.70527;20,4.92685;
56	10,2.64473;20,4.39094;
55	10,2.60561;20,4.89681;
54	10,2.27772;20,5.0145;
53	10,2.65468;20,5.01011;
52	10,2.73877;20,5.00543;
51	10,2.77345;20,6.01027;
50	10,2.92819;20,5.80791;
49	10,2.94189;20,4.02751;
48	10,3.65282;20,3.89152;
47	10,4.55177;20,5.79893;
46	10,4.93287;20,7.07511;
45	10,5.83269;20,7.7001;
44	10,5.96318;20,7.87046;
43	10,5.67635;20,8.05774;
42	10,5.16933;20,8.34389;
41	10,4.60833;20,8.41354;
40	10,4.94783;20,8.55966;
39	10,4.83005;20,7.90783;
38	10,5.58456;20,7.6971;
37	10,5.76479;20,7.74403;
36	10,5.65271;20,8.12875;
35	10,5.65792;20,8.22714;
34	10,4.8053;20,8.17634;
33	10,5.07149;20,8.23102;
32	10,4.90669;20,8.04301;
31	10,4.92146;20,8.00571;
30	10,4.76503;20,8.04363;
29	10,4.77704;20,8.02855;
28	10,4.5952;20,8.08603;
27	10,4.19969;20,7.97339;
26	10,4.13519;20,7.49141;
25	10,3.70846;20,6.94407;
24	10,2.60322;20,6.45426;
23	10,3.12463;20,6.47202;
22	10,3.20562;20,5.36452;
21	10,3.225;20,6.40712;
20	10,3.13594;20,6.34631;
19	10,2.84899;20,6.22719;
18	10,2.68741;20,5.78934;
17	10,2.5056;20,5.2782;
16	10,1.73544;20,5.16399;
15	10,0.774831;20,4.70673;
14	10,0.845602;20,3.79004;
13	10,0.883423;20,3.81296;
12	10,0.849357;20,3.66675;
11	10,0.515317;20,3.55443;
10	10,0.357305;20,3.44229;
9	10,0.470296;20,3.14924;
8	10,0.470832;20,2.9859;
7	10,0.476008;20,2.79953;
6	10,0.468518;20,2.01831;
5	10,0.455591;20,1.0051;
4	10,0.458618;20,0.943551;
3	10,0.38651;20,0.929754;
2	10,0.375923;20,0.883406;
1	10,0.372965;20,0.546604;
0	10,0.372173;20,0.531604;

